150782.123163
352781.520242
693895.422675
121726.969068
136578.375368
355275.607682
-158641.296804
78725.120000
-180970.264836
-157674.908889
549405.633747
-117311.045049
340076.590898
500925.623628
661947.273867
85254.766592
414064.560128
170546.594700
 37.828803
-118303.666209
-205769.289924
-41655.177216
-79579.845801
385795.036802
38251.014050
 10.002828
-152144.463249
-20924.779716
-128161.136016
-74053.104129
536419.053075
-9709.737444
86917.814048
353038.600328
269949.602352
662107.932300
233400.249992
138187.808652
68112.237698
160599.380768
-12478.007025
-16599.230244
47536.567923
3266.582792
2807.252450
37608.483675
138580.065800
233.641875
-134503.362009
142345.271048
